name: rotnet
channels:
  - conda-forge
  - defaults
dependencies:
  - backcall=0.2.0=pyh9f0ad1d_0
  - backports=1.0=pyhd8ed1ab_4
  - backports.functools_lru_cache=2.0.0=pyhd8ed1ab_0
  - blas=1.0=mkl
  - certifi=2021.5.30=py36haa95532_0
  - colorama=0.4.5=pyhd8ed1ab_0
  - cudatoolkit=11.2.2=h7d7167e_13
  - cudnn=8.1.0.77=h3e0f4f4_0
  - decorator=5.1.1=pyhd8ed1ab_0
  - entrypoints=0.4=pyhd8ed1ab_0
  - icc_rt=2022.1.0=h6049295_2
  - intel-openmp=2023.1.0=h59b6b97_46320
  - ipykernel=5.5.5=py36hfacbf0b_0
  - ipython=7.16.1=py36h7b2dad6_2
  - ipython_genutils=0.2.0=pyhd8ed1ab_1
  - jedi=0.17.2=py36ha15d459_1
  - joblib=1.0.1=pyhd3eb1b0_0
  - jupyter_client=7.1.2=pyhd8ed1ab_0
  - jupyter_core=4.8.1=py36ha15d459_0
  - libsodium=1.0.18=h8d14728_1
  - mkl=2020.2=256
  - mkl-service=2.3.0=py36h196d8e1_0
  - mkl_fft=1.3.0=py36h46781fe_0
  - mkl_random=1.1.1=py36h47e9c7a_0
  - nest-asyncio=1.6.0=pyhd8ed1ab_0
  - numpy-base=1.19.2=py36ha3acd2a_0
  - pandas=1.1.5=py36hd77b12b_0
  - parso=0.7.1=pyh9f0ad1d_0
  - pickleshare=0.7.5=py_1003
  - pip=21.2.2=py36haa95532_0
  - prompt-toolkit=3.0.36=pyha770c72_0
  - pygments=2.14.0=pyhd8ed1ab_0
  - python=3.6.13=h3758d61_0
  - python_abi=3.6=2_cp36m
  - pytz=2021.3=pyhd3eb1b0_0
  - pywin32=301=py36h68aa20f_0
  - pyzmq=22.3.0=py36h1d5d788_0
  - scikit-learn=0.24.2=py36hf11a4ad_1
  - setuptools=58.0.4=py36haa95532_0
  - sqlite=3.45.3=h2bbff1b_0
  - threadpoolctl=2.2.0=pyh0d69192_0
  - tornado=6.1=py36h68aa20f_1
  - traitlets=4.3.3=pyhd8ed1ab_2
  - ucrt=10.0.20348.0=haa95532_0
  - vc=14.40=h2eaa2aa_1
  - vc14_runtime=14.40.33810=hcc2c482_22
  - vs2015_runtime=14.40.33810=h3bf8584_22
  - wcwidth=0.2.10=pyhd8ed1ab_0
  - wheel=0.37.1=pyhd3eb1b0_0
  - wincertstore=0.2=py36h7fe50ca_0
  - zeromq=4.3.4=h0e60522_1
  - pip:
      - absl-py==0.15.0
      - astor==0.8.0
      - astunparse==1.6.3
      - cached-property==1.5.2
      - cachetools==4.2.4
      - charset-normalizer==2.0.12
      - clang==5.0
      - cycler==0.10.0
      - et-xmlfile==1.1.0
      - flatbuffers==1.12
      - gast==0.4.0
      - google-auth==1.35.0
      - google-auth-oauthlib==0.4.6
      - google-pasta==0.2.0
      - grpcio==1.48.2
      - h5py==3.1.0
      - idna==3.10
      - keras==2.6.0
      - keras-applications==1.0.8
      - keras-preprocessing==1.1.2
      - kiwisolver==1.1.0
      - markdown==3.1.1
      - matplotlib==3.1.1
      - numpy==1.19.5
      - oauthlib==3.2.2
      - opencv-python==4.1.1.26
      - openpyxl==3.1.3
      - opt-einsum==3.3.0
      - pillow==8.4.0
      - protobuf==3.9.2
      - pyasn1==0.5.1
      - pyasn1-modules==0.3.0
      - pyparsing==2.4.2
      - python-dateutil==2.8.0
      - python-version==0.0.2
      - pyyaml==5.1.2
      - requests==2.27.1
      - requests-oauthlib==2.0.0
      - rsa==4.9
      - scipy==1.5.4
      - six==1.12.0
      - tensorboard==2.6.0
      - tensorboard-data-server==0.6.1
      - tensorboard-plugin-wit==1.8.1
      - tensorflow==2.6.2
      - tensorflow-estimator==2.6.0
      - termcolor==1.1.0
      - typing-extensions==3.7.4.3
      - urllib3==1.26.20
      - werkzeug==0.16.0
      - wget==3.2
      - wrapt==1.12.1
